14 14 14 14 14 14 14 14 14 14 14 14 14 14 14 14 14 14 14 14 14 14 14 14 14 14 14 14 14 14 14 14 14 14 14 14 14 14 14 14 14 14 14 14 14 14 14 14 14 14 14 14 14 14 14 14 14 14 14 14
14 14 14 14 14 14 14 14 14 14 14 14 14 14 14 14 14 14 14 14 14 14 14 14 14 14 14 14 14 14 14 14 14 14 14 14 14 14 14 14 14 14 14 14 14 14 14 14 14 14 14 14 14 14 14 14 14 14 14 14
14 14 14 14 14 14 14 14 14 14 14 14 14 14 14 14 14 14 14 14 14 14 14 14 14 14 14 14 14 14 14 14 14 14 14 14 14 14 14 14 14 14 14 14 14 14 14 14 14 14 14 14 14 14 14 14 14 14 14 14
14 14 14 14 14 14 14 14 14 14 14 14 14 14 14 14 14 14 14 14 14 14 14 14 14 14 14 14 14 14 14 14 14 14 14 14 14 14 14 14 14 14 14 14 14 14 14 14 14 14 14 14 14 14 14 14 14 14 14 14
14 14 14 14 14 14 14 14 14 14 14 14 14 14 14 14 14 14 14 14 14 14 14 14 14 14 14 14 14 14 14 14 14 14 14 14 14 14 14 14 14 14 14 14 14 14 14 14 14 14 14 14 14 14 14 14 14 14 14 14
14 14 14 14 14 14 14 14 14 14 14 14 14 14 14 14 14 14 14 14 14 14 14 14 14 14 14 14 14 14 14 14 14 14 14 14 14 14 14 14 14 14 14 14 14 14 14 14 14 14 14 14 14 14 14 14 14 14 14 14
14 14 14 14 14 14 14 14 14 14 14 14 14 14 14 14 14 14 14 14 14 14 10 10 10 10 10 10 10 35 10 14 14 14 14 14 14 14 14 14 14 14 14 14 14 14 14 14 14 14 14 14 14 14 14 14 14 14 14 14
14 14 14 14 14 14 14 14 14 14 10 10 10 10 10 10 10 10 10 10 10 10 10 10 10 35 10 10 10 10 10 14 14 14 14 14 14 14 14 14 14 14 14 14 14 14 14 14 14 14 14 14 14 14 14 14 14 14 14 14
14 14 14 14 14 14 14 14 14 10 10 10 10 10 10 10 10 10 10 10 10 10 10 35 10 10 35 10 10 10 10 14 14 10 10 10 10 10 14 14 14 14 14 14 14 14 14 14 14 14 14 14 14 14 14 14 14 14 14 14
14 14 14 14 14 14 14 14 14 10 10 10 10 10 10 10 10 10 10 10 10 10 10 10 10 10 10 10 10 10 10 10 10 10 10 10 10 10 14 14 14 14 14 14 14 14 14 14 14 14 14 14 14 14 14 14 14 14 14 14
14 14 14 14 14 14 14 14 14 10 10 10 10 10 10 10 10 10 10 10 10 10 10 35 10 10 35 10 10 35 10 10 10 10 10 14 10 10 43 38 38 38 38 38 38 44 14 14 14 14 14 14 14 14 14 14 14 14 14 14
14 14 14 14 14 14 14 14 14 10 10 10 10 10 10 10 10 10 10 10 10 10 10 10 10 10 10 10 10 10 10 10 10 14 14 14 10 10 36 15 15 15 15 15 15 37 14 14 14 14 14 14 14 14 14 14 14 14 14 14
14 14 14 14 14 14 14 14 14 10 10 10 10 90 16 10 10 10 10 10 10 10 10 10 10 43 38 44 14 14 53 47 47 47 47 47 54 10 36 15 15 15 15 15 15 37 14 14 14 14 14 14 14 14 14 14 14 14 14 14
14 14 14 14 14 14 14 14 14 10 10 10 89 31 27 19 10 10 10 10 10 10 10 10 10 36 15 37 14 14 51 12 12 12 12 12 52 10 36 15 15 15 15 15 15 37 14 14 14 14 14 14 14 14 14 14 14 14 14 14
14 14 14 14 14 14 14 14 14 10 10 10 46 18 22 34 10 10 10 10 10 10 10 10 10 36 15 40 38 44 51 12 12 12 12 12 52 10 36 15 15 15 15 15 15 37 14 14 14 14 14 14 14 14 14 14 14 14 14 14
14 14 14 14 14 14 14 14 14 10 10 10 30 29 10 33 10 10 10 10 10 10 10 10 10 36 15 15 15 56 58 58 58 58 58 58 58 57 36 15 15 15 15 15 55 42 14 14 14 14 14 14 14 14 14 14 14 14 14 14
14 14 14 14 14 14 14 14 14 10 10 10 10 10 10 10 10 10 10 10 10 10 10 10 10 36 15 55 39 42 51 12 12 12 12 12 52 10 41 39 59 15 55 39 42 14 14 14 14 14 14 14 14 14 14 14 14 14 14 14
14 14 14 14 14 14 14 14 14 10 10 10 10 10 10 10 10 10 10 10 10 10 10 10 10 36 15 37 14 10 51 12 12 12 12 12 52 10 14 14 36 15 37 14 14 14 14 14 14 14 14 14 14 14 14 14 14 14 14 14
14 14 14 14 14 14 14 14 14 10 10 10 10 10 10 10 10 10 10 10 10 10 10 10 10 36 15 37 14 10 49 48 48 48 48 48 50 10 14 43 60 15 37 14 14 14 14 14 14 14 14 14 14 14 14 14 14 14 14 14
14 14 14 14 14 14 14 14 14 10 10 10 10 10 10 10 10 10 10 10 10 10 10 10 10 36 15 37 14 10 10 10 10 10 10 10 10 10 14 36 15 15 37 14 14 14 14 14 14 14 14 14 14 14 14 14 14 14 14 14
14 14 14 14 14 14 14 14 14 14 10 10 10 10 10 10 10 10 10 14 14 14 14 14 10 41 39 42 14 10 10 10 10 10 10 10 10 14 43 60 15 55 42 14 14 14 14 14 14 14 14 14 14 14 14 14 14 14 14 14
14 14 14 14 14 14 14 14 14 14 14 10 10 10 10 10 10 10 14 14 14 14 14 14 10 10 10 10 14 14 14 14 14 14 14 14 14 14 36 15 15 37 14 14 14 14 14 14 14 14 14 14 14 14 14 14 14 14 14 14
14 14 14 14 14 14 14 14 14 14 14 14 14 14 14 14 14 14 14 14 14 14 14 14 10 35 10 10 10 14 14 14 14 14 14 14 14 43 60 15 55 42 14 14 14 14 14 14 14 14 14 14 14 14 14 14 14 14 14 14
14 14 14 14 14 14 14 14 14 14 14 14 14 14 14 14 14 14 14 14 14 14 14 10 10 10 10 10 10 10 10 43 38 38 38 38 38 60 15 15 37 14 14 14 14 14 14 14 14 14 14 14 14 14 14 14 14 14 14 14
14 14 14 14 14 14 14 14 10 14 14 10 14 14 14 14 14 14 14 14 14 14 14 10 10 10 35 10 35 10 10 36 15 15 15 15 15 15 15 15 37 14 14 14 14 14 14 14 14 14 14 14 14 14 14 14 14 14 14 14
14 14 14 14 14 14 14 14 10 14 14 35 14 14 14 14 14 14 14 14 14 14 14 10 10 10 10 10 10 10 14 41 39 39 39 39 39 39 59 15 37 14 14 14 14 14 14 14 14 14 14 14 14 14 14 14 14 14 14 14
14 14 14 14 14 14 14 14 10 14 14 10 14 14 14 35 14 14 14 14 14 14 14 10 10 10 10 10 10 10 10 10 14 14 14 14 14 14 36 15 37 14 14 14 14 14 14 14 14 14 14 14 14 14 14 14 14 14 14 14
14 14 14 14 14 14 14 14 10 14 14 10 14 14 14 10 14 14 14 14 14 14 14 10 10 43 38 44 10 10 35 10 14 14 14 14 14 14 36 15 37 14 14 14 14 14 14 14 14 14 14 14 14 14 14 14 14 14 14 14
14 14 14 14 14 14 14 14 10 14 14 35 14 14 14 10 10 10 14 14 14 14 14 14 14 36 15 37 14 14 14 14 14 14 14 14 14 14 36 15 37 14 14 14 14 14 14 14 14 14 14 14 14 14 14 14 14 14 14 14
14 14 14 14 14 14 14 14 10 14 14 10 14 14 14 14 14 35 14 14 14 14 14 14 14 36 15 37 14 14 14 14 14 14 14 14 14 14 36 15 37 14 14 14 14 14 14 14 14 14 14 14 14 14 14 14 14 14 14 14
14 14 14 14 14 14 14 14 10 14 14 35 14 14 14 14 14 10 14 14 35 10 14 14 14 36 15 37 14 14 10 14 14 14 14 14 14 14 36 15 37 14 14 14 14 14 14 14 14 14 14 14 14 14 14 14 14 14 14 14
14 14 14 14 14 14 14 14 10 14 14 10 14 14 14 14 14 10 14 10 10 14 14 14 14 36 15 37 14 14 14 14 14 10 14 14 14 14 36 15 37 14 14 14 14 14 14 14 14 14 14 14 14 14 14 14 14 14 14 14
14 14 14 14 14 14 14 14 10 14 14 10 10 10 35 10 10 35 14 10 14 14 14 14 14 36 15 37 14 14 14 14 14 10 14 14 14 14 36 15 37 14 14 14 14 14 14 14 14 14 14 14 14 14 14 14 14 14 14 14
14 14 14 14 14 14 14 14 10 14 14 35 10 10 10 10 10 10 10 10 14 14 14 14 14 36 15 37 14 14 14 14 14 14 14 14 14 14 41 39 42 14 14 14 14 14 14 14 14 14 14 14 14 14 14 14 14 14 14 14
14 14 14 14 14 14 14 14 10 14 14 10 10 10 10 10 10 10 10 10 14 14 14 14 14 36 15 37 14 14 14 14 14 14 14 14 14 14 10 35 10 14 14 14 14 14 14 14 14 14 14 14 14 14 14 14 14 14 14 14
14 14 14 14 14 14 14 14 10 14 14 10 10 10 35 10 10 35 10 10 10 14 14 14 14 36 15 37 14 14 14 14 14 14 14 14 14 14 10 10 10 14 14 14 14 14 14 14 14 14 14 14 14 14 14 14 14 14 14 14
14 14 14 14 14 14 14 14 10 14 14 10 35 10 10 10 10 10 10 35 10 14 14 14 14 36 15 37 14 14 14 14 14 14 14 14 14 14 10 10 10 14 14 14 14 14 14 14 14 14 14 14 14 14 14 14 14 14 14 14
14 14 14 14 14 14 14 14 10 14 14 10 10 10 35 10 10 10 14 14 10 14 14 14 14 36 15 37 14 14 14 14 14 14 14 14 14 14 35 10 10 14 14 14 14 14 14 14 14 14 14 14 14 14 14 14 14 14 14 14
14 14 14 14 14 14 14 14 10 14 14 14 14 14 14 14 14 14 14 14 10 14 14 14 14 36 15 37 14 14 14 14 14 14 14 14 14 14 10 10 35 14 14 14 14 14 14 10 10 10 14 14 14 14 14 14 14 14 14 14
14 14 14 14 14 14 14 14 10 14 14 14 14 14 14 14 14 14 14 14 35 10 10 35 10 41 39 42 10 10 14 14 14 14 14 14 14 10 10 10 10 10 35 10 10 10 10 35 35 10 46 14 14 14 14 14 14 14 14 14
14 14 14 14 14 14 14 14 10 14 14 14 14 14 14 14 14 14 14 14 10 10 10 10 10 10 10 10 10 35 10 14 14 10 14 14 35 10 10 10 10 10 10 10 10 10 10 10 10 35 10 14 14 14 14 14 14 14 14 14
14 14 14 14 14 14 14 14 10 14 14 14 14 14 14 14 14 14 14 14 10 10 35 10 10 10 10 10 10 10 10 14 14 14 14 10 10 10 10 10 10 10 14 14 14 14 14 10 10 10 10 14 14 14 14 14 14 14 14 14
14 14 14 14 14 14 14 14 10 14 14 14 14 14 14 14 10 14 14 14 14 10 10 10 10 10 10 10 10 10 10 10 10 10 10 10 10 10 10 35 14 10 14 14 14 14 14 14 10 10 10 14 14 14 14 14 14 14 14 14
14 14 14 14 14 14 14 14 10 14 14 14 14 14 14 14 14 14 14 14 14 10 35 10 10 10 10 35 10 10 10 35 10 10 10 35 10 14 10 10 10 10 14 14 14 14 14 14 10 10 10 14 14 14 14 14 14 14 14 14
14 14 14 14 14 14 14 14 10 14 14 14 14 14 14 14 10 14 14 14 14 14 10 10 10 10 35 10 10 10 10 10 10 10 10 10 10 10 10 10 10 10 14 14 14 14 14 14 14 35 10 14 14 14 14 14 14 14 14 14
14 14 14 14 14 14 14 14 10 14 14 14 10 10 10 10 10 14 14 14 14 14 14 10 10 10 10 10 10 14 14 14 14 14 10 10 10 10 35 14 10 35 14 14 14 14 14 14 14 10 10 14 14 14 14 14 14 14 14 14
14 14 14 14 14 14 14 14 10 14 14 10 10 10 10 10 10 10 14 14 14 14 14 14 10 10 10 10 14 14 14 14 14 14 14 35 10 10 10 10 10 14 14 14 14 14 14 14 14 10 10 14 14 14 14 14 14 14 14 14
14 14 14 14 14 14 14 14 10 14 14 10 35 10 10 10 10 10 14 14 14 14 14 14 10 10 10 10 14 14 14 14 14 14 14 14 14 14 10 10 14 14 14 14 14 14 14 14 10 10 10 35 14 14 14 14 14 14 14 14
14 14 14 14 14 14 14 14 10 10 10 10 10 10 10 35 10 10 14 14 14 14 14 14 10 10 10 10 14 14 14 14 14 14 14 14 14 14 10 10 14 14 14 14 14 14 14 10 10 10 10 10 14 14 14 14 14 14 14 14
14 14 14 14 14 14 14 14 15 14 14 10 10 10 10 10 10 10 14 14 14 14 14 14 10 10 35 10 14 14 14 14 14 14 14 14 14 14 10 10 10 14 14 14 14 14 10 10 35 10 10 10 14 14 14 14 14 14 14 14
14 14 14 14 14 14 14 14 15 14 14 10 10 10 10 10 10 10 10 10 10 10 10 35 10 10 35 10 14 14 14 14 14 14 14 14 14 14 35 10 10 10 14 14 14 10 10 10 10 10 10 10 14 14 14 14 14 14 14 14
14 14 14 14 14 14 14 14 15 14 14 14 10 10 35 10 10 35 10 10 10 10 10 91 91 91 91 91 91 91 91 91 91 91 91 91 91 91 91 91 91 91 91 91 91 91 91 91 91 91 91 91 91 91 91 91 91 91 91 91
14 14 14 14 14 14 14 14 15 14 14 14 14 14 10 10 10 10 10 10 10 10 10 91 91 91 91 91 91 91 91 91 91 91 91 91 91 91 91 91 91 91 91 91 91 91 91 91 91 91 91 91 91 91 91 91 91 91 91 91
14 14 14 14 14 14 14 14 15 14 14 14 14 14 14 10 10 10 10 10 10 35 10 91 91 91 91 91 91 91 91 91 91 91 91 91 91 91 91 91 91 91 91 91 91 91 91 91 91 91 91 91 91 91 91 91 91 91 91 91
14 14 14 14 14 14 14 14 15 14 14 14 14 14 14 14 14 14 10 10 10 10 10 91 91 91 91 91 91 91 91 91 91 91 91 91 91 91 91 91 91 91 91 91 91 91 91 91 91 91 91 91 91 91 91 91 91 91 91 91
14 14 14 14 14 14 14 14 15 15 15 14 14 14 14 14 14 14 35 10 10 10 10 91 91 91 91 91 91 91 91 91 91 91 91 91 91 91 91 91 91 91 91 91 91 91 91 91 91 91 91 91 91 91 91 91 91 91 91 91
14 14 14 14 14 14 14 14 14 14 15 14 14 10 10 10 10 10 10 10 10 35 10 91 91 91 91 91 91 91 91 91 91 91 91 91 91 91 91 91 91 91 91 91 91 91 91 91 91 91 91 91 91 91 91 91 91 91 91 91
14 14 14 14 14 14 14 14 14 14 15 14 14 10 10 10 10 10 10 10 10 10 35 91 91 91 91 91 91 91 91 91 91 91 91 91 91 91 91 91 91 91 91 91 91 91 91 91 91 91 91 91 91 91 91 91 91 91 91 91
14 14 14 14 14 14 14 14 14 14 14 14 10 10 35 10 10 10 10 35 10 10 10 91 91 91 91 91 91 91 91 91 91 91 91 91 91 92 92 92 92 92 92 92 92 92 92 92 91 91 91 91 91 91 91 91 91 91 91 91
14 14 14 14 14 14 14 14 14 14 14 10 10 10 10 53 47 47 47 47 47 47 47 91 91 91 91 91 91 91 91 91 91 91 91 91 91 92 92 92 92 92 92 92 92 92 92 92 91 91 91 91 91 91 91 91 91 91 91 91
14 14 14 14 14 14 14 14 10 10 10 10 10 10 10 51 12 74 12 12 12 12 12 91 91 91 91 91 91 91 91 91 91 91 91 91 91 76 76 76 76 76 76 76 76 76 76 76 91 91 91 91 91 91 91 91 91 91 91 91
14 14 14 14 14 14 14 14 10 10 10 35 10 53 47 63 12 12 12 12 12 12 12 91 91 91 91 91 91 91 91 91 91 91 91 91 91 76 76 76 76 76 76 76 76 76 76 76 91 91 91 91 91 91 91 91 91 91 91 91
14 14 14 14 14 14 14 14 10 53 47 47 47 63 12 12 12 12 12 12 12 74 12 91 91 91 91 91 91 91 91 91 91 91 91 91 91 76 76 76 76 76 76 76 76 76 76 76 91 91 91 91 91 91 91 91 91 91 91 91
14 14 14 14 14 14 14 14 35 51 12 12 12 12 12 12 12 12 12 12 12 12 12 91 91 91 91 91 91 91 91 91 91 91 91 91 76 76 76 76 76 76 76 76 76 76 76 76 91 91 91 91 91 91 91 91 91 91 91 91
14 14 14 14 14 14 14 14 10 51 12 12 74 12 12 12 12 75 75 75 75 12 12 91 91 91 91 91 91 91 91 91 91 91 91 91 91 76 76 76 76 76 76 76 76 76 76 76 91 91 91 91 91 91 91 91 91 91 91 91
14 14 14 14 14 14 14 14 10 51 12 12 12 12 12 12 12 75 75 75 75 12 12 91 91 91 91 91 91 91 91 91 91 91 91 91 91 76 76 76 76 76 76 76 76 76 76 76 91 91 91 91 91 91 91 91 91 91 91 91
14 14 14 14 14 14 14 14 10 51 74 12 12 12 12 12 12 75 75 75 75 58 58 91 91 91 91 91 91 91 91 91 91 91 91 91 91 91 91 91 91 91 91 91 91 91 91 91 91 91 91 91 91 91 91 91 91 91 91 91
14 14 14 14 14 14 14 14 35 51 12 12 12 12 74 12 12 75 75 75 75 12 12 91 91 91 91 91 91 91 91 91 91 91 91 91 91 91 91 91 91 91 91 91 91 91 91 91 91 91 91 91 91 91 91 91 91 91 91 91
14 14 14 14 14 14 14 14 10 51 12 12 12 12 12 12 12 58 58 58 58 12 12 91 91 91 91 91 91 91 91 91 91 91 91 91 91 91 91 91 91 91 91 91 91 91 91 91 91 91 91 91 91 91 91 91 91 91 91 91
14 14 14 14 14 14 14 14 10 49 48 48 65 12 12 12 12 12 12 12 74 12 12 91 91 91 91 91 91 91 91 91 91 91 91 91 91 91 91 91 91 91 91 91 91 91 91 91 91 91 91 91 91 91 91 91 91 91 91 91
14 14 14 14 14 14 14 14 10 10 10 10 51 12 74 12 12 12 74 12 12 12 12 91 91 91 91 91 91 91 91 91 91 91 91 91 91 91 91 91 91 91 91 91 91 91 91 91 91 91 91 91 91 91 91 91 91 91 91 91
14 14 14 14 14 14 14 14 10 35 10 10 49 48 65 12 12 12 12 12 12 12 66 91 91 91 91 91 91 91 91 91 91 91 91 91 91 91 91 91 91 91 91 91 91 91 91 91 91 91 91 91 91 91 91 91 91 91 91 91
14 14 14 14 14 14 14 14 10 10 10 10 10 10 49 48 48 48 48 48 48 48 50 91 91 91 91 91 91 91 91 91 91 91 91 91 91 91 91 91 91 91 91 91 91 91 91 91 91 91 91 91 91 91 91 91 91 91 91 91
14 14 14 14 14 14 14 14 14 10 10 10 10 10 10 10 10 10 35 10 10 10 10 10 10 35 10 10 10 14 14 14 14 14 14 14 14 14 14 14 14 14 14 14 14 14 14 14 14 14 14 14 14 14 14 14 14 14 14 14

