14 14 14 14 14 14 14 14 14 14 14 14 14 14 14 14 14 14 14 14 14 14 14 14 14 14 14 14 14 14 14 14 14 14 14 14 14 14 14 14 14 14 14 14 14 14 14 14 14 14 14 14 14 14 14 14 14 14 14 14
14 14 14 14 14 14 14 14 14 14 14 14 14 14 14 14 14 14 14 14 14 14 14 14 14 14 14 14 14 14 14 14 14 14 14 14 14 14 14 14 14 14 14 14 14 14 14 14 14 14 14 14 14 14 14 14 14 14 14 14
14 14 14 14 14 14 14 14 14 14 14 14 14 14 14 14 14 14 14 14 14 14 14 14 14 14 14 14 14 14 14 14 14 14 14 14 14 14 14 14 14 14 14 14 14 14 14 14 14 14 14 14 14 14 14 14 14 14 14 14
14 14 14 14 14 14 14 14 14 14 14 14 14 14 14 14 14 14 14 14 14 14 14 14 14 14 14 14 14 14 14 14 14 14 14 14 14 14 14 14 14 14 14 14 14 14 14 14 14 14 14 14 14 14 14 14 14 14 14 14
14 14 14 91 91 91 91 91 91 91 91 91 91 91 91 91 91 91 91 91 91 91 91 91 91 91 91 91 91 91 91 91 91 91 91 91 91 91 91 91 91 91 14 14 14 14 14 14 14 14 14 14 14 14 14 14 14 14 14 14
14 14 14 91 91 91 91 91 91 91 91 91 91 91 91 91 91 91 91 91 91 91 91 91 91 91 91 91 91 91 91 91 91 91 91 91 91 91 91 91 91 91 14 14 14 14 14 14 14 14 14 14 14 14 14 14 14 14 14 14
14 14 14 91 91 91 91 91 91 91 91 91 91 91 91 91 91 91 91 91 91 91 91 91 91 91 91 91 91 91 91 91 91 91 91 91 91 91 91 91 91 91 14 14 14 14 14 14 14 14 14 14 14 14 14 14 14 14 14 14
14 14 14 91 91 91 91 91 91 91 91 91 91 91 91 91 91 91 91 91 91 91 91 91 91 91 91 91 91 91 91 91 91 91 91 91 91 91 91 91 91 91 14 14 14 14 14 14 14 14 14 14 14 14 14 14 14 14 14 14
14 14 14 91 91 91 91 91 91 91 91 91 91 91 91 91 91 91 91 91 91 91 91 91 91 91 91 91 91 91 91 91 91 91 91 91 91 91 91 91 91 91 14 14 14 14 14 14 14 14 14 14 14 14 14 14 14 14 14 14
14 14 14 91 91 91 91 91 91 91 91 91 91 91 91 91 91 91 91 91 91 91 91 91 91 91 91 91 91 91 91 91 91 91 91 91 91 91 91 91 91 91 14 14 14 14 14 14 14 14 14 14 14 14 14 14 14 14 14 14
14 14 14 91 91 91 91 91 91 91 91 91 91 91 91 91 91 91 91 89 89 89 89 89 89 89 89 91 91 91 91 91 91 91 91 91 91 91 91 91 91 91 38 38 38 44 14 14 14 14 14 14 14 14 14 14 14 14 14 14
14 14 14 91 91 91 91 91 91 91 91 91 91 91 91 91 91 91 91 89 76 76 76 76 76 76 89 91 91 91 91 91 91 91 91 91 91 91 91 91 91 91 15 15 15 37 14 14 14 14 14 14 14 14 14 14 14 14 14 14
14 14 14 91 91 91 91 91 91 91 91 91 91 91 91 91 91 91 91 89 76 76 76 76 76 76 89 91 91 91 91 91 91 91 91 91 91 91 91 91 91 91 15 15 15 37 14 14 14 14 14 14 14 14 14 14 14 14 14 14
14 14 14 91 91 91 91 91 91 91 91 91 89 89 89 89 89 89 89 89 76 76 76 76 76 76 89 91 91 91 91 91 91 91 91 91 91 91 91 91 91 91 15 15 15 37 14 14 14 14 14 14 14 14 14 14 14 14 14 14
14 14 14 91 91 91 91 91 91 91 91 91 89 76 76 76 76 76 76 76 76 76 76 76 76 76 89 91 91 91 91 91 91 91 91 91 91 91 91 91 91 91 15 15 15 37 14 14 14 14 14 14 14 14 14 14 14 14 14 14
14 14 14 91 91 91 91 91 91 91 91 91 89 76 76 76 76 76 76 76 76 76 76 76 76 76 89 91 91 91 91 91 91 91 91 91 91 91 91 91 91 91 15 15 55 42 14 14 14 14 14 14 14 14 14 14 14 14 14 14
14 14 14 91 91 91 91 91 91 91 91 91 89 76 76 76 76 76 76 76 76 76 76 76 76 76 89 91 91 91 91 91 91 91 91 91 91 91 91 91 91 91 55 39 42 14 14 14 14 14 14 14 14 14 14 14 14 14 14 14
14 14 14 91 91 91 91 91 91 91 91 91 89 76 76 76 76 76 76 76 76 76 76 76 76 76 89 91 91 91 91 91 91 91 91 91 91 91 91 91 91 91 37 14 14 14 14 14 14 14 14 14 14 14 14 14 14 14 14 14
14 14 14 91 91 91 91 91 91 91 91 91 89 76 76 76 76 76 76 76 76 76 76 76 76 76 89 91 91 91 91 91 91 91 91 91 91 91 91 91 91 91 37 14 14 14 14 14 14 14 14 14 14 14 14 14 14 14 14 14
14 14 14 91 91 91 91 91 91 91 91 91 89 76 76 76 76 76 76 76 76 76 76 76 76 76 89 91 91 91 91 91 91 91 91 91 91 91 91 91 91 91 37 14 14 14 14 14 14 14 14 14 14 14 14 14 14 14 14 14
14 14 14 91 91 91 91 91 91 91 91 91 89 76 76 76 76 76 76 76 76 76 76 76 76 76 89 91 91 91 91 91 91 91 91 91 91 91 91 91 91 91 42 14 14 14 14 14 14 14 14 14 14 14 14 14 14 14 14 14
14 14 14 91 91 91 91 91 91 91 91 91 89 89 89 89 89 89 89 89 89 10 89 89 89 89 89 91 91 91 91 91 91 91 91 91 91 91 91 91 91 91 14 14 14 14 14 14 14 14 14 14 14 14 14 14 14 14 14 14
14 91 91 91 91 91 91 91 91 91 91 91 91 91 91 91 91 91 91 91 91 91 91 91 91 91 91 91 91 91 91 91 91 91 91 91 91 91 91 91 91 91 14 14 14 14 14 14 14 14 14 14 14 14 14 14 14 14 14 14
91 91 91 91 91 91 91 91 91 91 91 91 91 91 91 91 91 91 91 91 91 91 91 91 91 91 91 91 91 91 91 91 91 91 91 91 91 91 91 91 91 91 14 14 14 14 14 14 14 14 14 14 14 14 14 14 14 14 14 14
91 91 91 91 91 91 91 91 91 91 91 91 91 91 91 91 91 91 91 91 91 91 91 91 91 91 91 91 91 91 91 91 91 91 91 91 91 91 91 91 91 91 14 14 14 14 14 14 14 14 14 14 14 14 14 14 14 14 14 14
91 91 91 91 91 91 91 91 91 91 91 91 91 91 91 91 91 91 91 91 91 91 91 91 91 91 91 91 91 91 91 91 91 91 91 91 91 91 91 91 91 91 14 14 14 14 14 14 14 14 14 14 14 14 14 14 14 14 14 14
91 91 91 91 91 91 91 91 91 91 91 91 91 91 91 91 91 91 91 91 91 91 91 91 91 91 91 91 91 91 91 91 91 91 91 91 91 91 91 91 91 91 14 14 14 14 14 14 14 14 14 14 14 14 14 14 14 14 14 14
91 91 91 91 91 91 91 91 91 91 91 91 91 91 91 91 91 91 91 91 91 91 91 91 91 91 91 91 91 91 91 91 91 91 91 91 91 91 91 91 91 91 14 14 14 14 14 14 14 14 14 14 14 14 14 14 14 14 14 14
91 91 91 91 91 91 91 91 91 91 91 91 91 91 91 91 91 91 91 91 91 91 91 91 91 91 91 91 91 91 91 91 91 91 91 91 91 91 91 91 91 91 14 14 14 14 14 14 14 14 14 14 14 14 14 14 14 14 14 14
14 14 14 14 14 14 14 14 10 14 14 10 14 14 14 14 14 35 14 14 14 14 14 14 14 36 15 37 14 14 14 14 14 14 14 14 14 14 36 15 37 14 14 14 14 14 14 14 14 14 14 14 14 14 14 14 14 14 14 14
14 14 14 14 14 14 14 14 10 14 14 35 14 14 14 14 14 10 14 14 35 10 14 14 14 36 15 37 14 14 10 14 14 14 14 14 14 14 36 15 37 14 14 14 14 14 14 14 14 14 14 14 14 14 14 14 14 14 14 14
14 14 14 14 14 14 14 14 10 14 14 10 14 14 14 14 14 10 14 10 10 14 14 14 14 36 15 37 14 14 14 14 14 10 14 14 14 14 36 15 37 14 14 14 14 14 14 14 14 14 14 14 14 14 14 14 14 14 14 14
14 14 14 14 14 14 14 14 10 14 14 10 10 10 35 10 10 35 14 10 14 14 14 14 14 36 15 37 14 14 14 14 14 10 14 14 14 14 36 15 37 14 14 14 14 14 14 14 14 14 14 14 14 14 14 14 14 14 14 14
14 14 14 14 14 14 14 14 10 14 14 35 10 10 10 10 10 10 10 10 14 14 14 14 14 36 15 37 14 14 14 14 14 14 14 14 14 14 41 39 42 14 14 14 14 14 14 14 14 14 14 14 14 14 14 14 14 14 14 14
14 14 14 14 14 14 14 14 10 14 14 10 10 10 10 10 10 10 10 10 14 14 14 14 14 36 15 37 14 14 14 14 14 14 14 14 14 14 10 35 10 14 14 14 14 14 14 14 14 14 14 14 14 14 14 14 14 14 14 14
14 14 14 14 14 14 14 14 10 14 14 10 10 10 35 10 10 35 10 10 10 14 14 14 14 36 15 37 14 14 14 14 14 14 14 14 14 14 10 10 10 14 14 14 14 14 14 14 14 14 14 14 14 14 14 14 14 14 14 14
14 14 14 14 14 14 14 14 10 14 14 10 35 10 10 10 10 10 10 35 10 14 14 14 14 36 15 37 14 14 14 14 14 14 14 14 14 14 10 10 10 14 14 14 14 14 14 14 14 14 14 14 14 14 14 14 14 14 14 14
14 14 14 14 14 14 14 14 10 14 14 10 10 10 35 10 10 10 14 14 10 14 14 14 14 36 15 37 14 14 14 14 14 14 14 14 14 14 35 10 10 14 14 14 14 14 14 14 14 14 14 14 14 14 14 14 14 14 14 14
14 14 14 14 14 14 14 14 10 14 14 14 14 14 14 14 14 14 14 14 10 14 14 14 14 36 15 37 14 14 14 14 14 14 14 14 14 14 10 10 35 14 14 14 14 14 14 10 10 10 14 14 14 14 14 14 14 14 14 14
14 14 14 14 14 14 14 14 10 14 14 14 14 14 14 14 14 14 14 14 35 10 10 35 10 41 39 42 10 10 14 14 14 14 14 14 14 10 10 10 10 10 35 10 10 10 10 35 35 10 46 14 14 14 14 14 14 14 14 14
14 14 14 14 14 14 14 14 10 14 14 14 14 14 14 14 14 14 14 14 10 10 10 10 10 10 10 10 10 35 10 14 14 10 14 14 35 10 10 10 10 10 10 10 10 10 10 10 10 35 10 14 14 14 14 14 14 14 14 14
14 14 14 14 14 14 14 14 10 14 14 14 14 14 14 14 14 14 14 14 10 10 35 10 10 10 10 10 10 10 10 14 14 14 14 10 10 10 10 10 10 10 14 14 14 14 14 10 10 10 10 14 14 14 14 14 14 14 14 14
14 14 14 14 14 14 14 14 10 14 14 14 14 14 14 14 10 14 14 14 14 10 10 10 10 10 10 10 10 10 10 10 10 10 10 10 10 10 10 35 14 10 14 14 14 14 14 14 10 10 10 14 14 14 14 14 14 14 14 14
14 14 14 14 14 14 14 14 10 14 14 14 14 14 14 14 14 14 14 14 14 10 35 10 10 10 10 35 10 10 10 35 10 10 10 35 10 14 10 10 10 10 14 14 14 14 14 14 10 10 10 14 14 14 14 14 14 14 14 14
14 14 14 14 14 14 14 14 10 14 14 14 14 14 14 14 10 14 14 14 14 14 10 10 10 10 35 10 10 10 10 10 10 10 10 10 10 10 10 10 10 10 14 14 14 14 14 14 14 35 10 14 14 14 14 14 14 14 14 14
14 14 14 14 14 14 14 14 10 14 14 14 10 10 10 10 10 14 14 14 14 14 14 10 10 10 10 10 10 14 14 14 14 14 10 10 10 10 35 14 10 35 14 14 14 14 14 14 14 10 10 14 14 14 14 14 14 14 14 14
14 14 14 14 14 14 14 14 10 14 14 10 10 10 10 10 10 10 14 14 14 14 14 14 10 10 10 10 14 14 14 14 14 14 14 35 10 10 10 10 10 14 14 14 14 14 14 14 14 10 10 14 14 14 14 14 14 14 14 14
14 14 14 14 14 14 14 14 10 14 14 10 35 10 10 10 10 10 14 14 14 14 14 14 10 10 10 10 14 14 14 14 14 14 14 14 14 14 10 10 14 14 14 14 14 14 14 14 10 10 10 35 14 14 14 14 14 14 14 14
14 14 14 14 14 14 14 14 10 10 10 10 10 10 10 35 10 10 14 14 14 14 14 14 10 10 10 10 14 14 14 14 14 14 14 14 14 14 10 10 14 14 14 14 14 14 14 10 10 10 10 10 14 14 14 14 14 14 14 14
14 14 14 14 14 14 14 14 15 14 14 10 10 10 10 10 10 10 14 14 14 14 14 14 10 10 35 10 14 14 14 14 14 14 14 14 14 14 10 10 10 14 14 14 14 14 10 10 35 10 10 10 14 14 14 14 14 14 14 14
14 14 14 14 14 14 14 14 15 14 14 10 10 10 10 10 10 10 10 10 10 10 10 35 10 10 35 10 14 14 14 14 14 14 14 14 14 14 35 10 10 10 14 14 14 10 10 10 10 10 10 10 14 14 14 14 14 14 14 14
14 14 14 14 14 14 14 14 15 14 14 14 10 10 35 10 10 35 10 10 10 10 10 10 10 10 10 10 35 14 14 14 14 14 14 14 14 14 10 10 10 35 14 14 10 10 10 10 14 14 14 14 14 14 14 14 14 14 14 14
14 14 14 14 14 14 14 14 15 14 14 14 14 14 10 10 10 10 10 10 10 10 10 10 10 10 10 10 10 10 14 14 14 14 14 10 10 10 10 35 10 10 10 10 10 10 10 14 14 14 14 14 14 14 14 14 14 14 14 14
14 14 14 14 14 14 14 14 15 14 14 14 14 14 14 10 10 10 10 10 10 35 10 10 35 10 10 10 10 10 35 14 14 14 10 35 10 35 10 10 10 10 10 10 10 10 14 14 14 14 14 14 14 14 14 14 14 14 14 14
14 14 14 14 14 14 14 14 15 14 14 14 14 14 14 14 14 14 10 10 10 10 10 10 10 10 10 10 10 10 10 14 14 14 10 10 10 35 10 10 10 10 10 10 10 14 14 14 14 14 14 14 14 14 14 14 14 14 14 14
14 14 14 14 14 14 14 14 15 15 15 14 14 14 14 14 14 14 35 10 10 10 10 10 10 35 10 10 35 10 10 35 14 14 10 35 14 14 14 14 14 14 14 14 14 14 14 14 14 14 14 14 14 14 14 14 14 14 14 14
14 14 14 14 14 14 14 14 14 14 15 14 14 10 10 10 10 10 10 10 10 35 10 10 10 10 10 10 10 10 10 10 43 38 44 10 14 14 14 14 14 14 14 14 14 14 14 14 14 14 14 14 14 14 14 14 14 14 14 14
14 14 14 14 14 14 14 14 14 14 15 14 14 10 10 10 10 10 10 10 10 10 35 10 10 10 10 10 10 10 10 10 36 15 37 10 25 20 20 20 20 20 20 20 20 20 20 20 25 14 14 14 14 14 14 14 14 14 14 14
14 14 14 14 14 14 14 14 14 14 14 14 10 10 35 10 10 10 10 35 10 10 10 10 10 10 10 10 10 10 10 35 36 15 37 10 18 32 32 32 32 32 32 32 32 32 32 32 19 14 14 14 14 14 14 14 14 14 14 14
14 14 14 14 14 14 14 14 14 14 14 10 10 10 10 53 47 47 47 47 47 47 47 47 54 10 10 10 10 10 10 10 36 15 37 10 18 32 32 32 32 32 32 32 32 32 32 32 19 14 14 14 14 14 14 14 14 14 14 14
14 14 14 14 14 14 14 14 10 10 10 10 10 10 10 51 12 74 12 12 12 12 12 12 52 10 35 10 10 10 10 35 36 15 37 10 18 76 76 76 76 76 76 76 76 76 76 76 19 14 14 14 14 14 14 14 14 14 14 14
14 14 14 14 14 14 14 14 10 10 10 35 10 53 47 63 12 12 12 12 12 12 12 12 64 67 68 10 10 43 38 38 60 15 37 10 18 76 76 76 76 76 76 76 76 76 76 76 19 14 14 14 14 14 14 14 14 14 14 14
14 14 14 14 14 14 14 14 10 53 47 47 47 63 12 12 12 12 12 12 12 74 12 12 12 62 72 68 10 36 15 15 15 15 40 38 18 76 76 76 76 76 76 76 76 76 76 76 19 14 14 14 14 14 14 14 14 14 14 14
14 14 14 14 14 14 14 14 35 51 12 12 12 12 12 12 12 12 12 12 12 12 12 12 12 62 61 70 35 41 39 39 59 15 15 15 76 76 76 76 76 76 76 76 76 76 76 76 19 14 14 14 14 14 14 14 14 14 14 14
14 14 14 14 14 14 14 14 10 51 12 12 74 12 12 12 12 75 75 75 75 12 12 12 12 62 61 70 10 10 10 10 41 39 39 39 18 76 76 76 76 76 76 76 76 76 76 76 19 14 14 14 14 14 14 14 14 14 14 14
14 14 14 14 14 14 14 14 10 51 12 12 12 12 12 12 12 75 75 75 75 12 12 74 12 62 61 70 10 35 10 10 10 35 10 10 18 76 76 76 76 76 76 76 76 76 76 76 19 14 14 14 14 14 14 14 14 14 14 14
14 14 14 14 14 14 14 14 10 51 74 12 12 12 12 12 12 75 75 75 75 58 58 58 58 57 61 70 10 10 10 10 10 10 14 10 23 20 20 20 20 20 20 20 20 20 20 20 20 14 14 14 14 14 14 14 14 14 14 14
14 14 14 14 14 14 14 14 35 51 12 12 12 12 74 12 12 75 75 75 75 12 12 12 12 62 71 69 35 10 10 10 10 14 14 14 14 14 14 14 14 14 14 14 14 14 14 14 14 14 14 14 14 14 14 14 14 14 14 14
14 14 14 14 14 14 14 14 10 51 12 12 12 12 12 12 12 58 58 58 58 12 12 12 66 73 69 10 10 10 10 35 14 14 14 14 14 14 14 14 14 14 14 14 14 14 14 14 14 14 14 14 14 14 14 14 14 14 14 14
14 14 14 14 14 14 14 14 10 49 48 48 65 12 12 12 12 12 12 12 74 12 12 12 52 10 10 10 10 10 10 10 14 14 14 14 14 14 14 14 14 14 14 14 14 14 14 14 14 14 14 14 14 14 14 14 14 14 14 14
14 14 14 14 14 14 14 14 10 10 10 10 51 12 74 12 12 12 74 12 12 12 12 66 50 10 10 10 10 10 10 10 14 14 14 14 14 14 14 14 14 14 14 14 14 14 14 14 14 14 14 14 14 14 14 14 14 14 14 14
14 14 14 14 14 14 14 14 10 35 10 10 49 48 65 12 12 12 12 12 12 12 66 50 10 10 10 10 10 35 10 14 14 14 14 14 14 14 14 14 14 14 14 14 14 14 14 14 14 14 14 14 14 14 14 14 14 14 14 14
14 14 14 14 14 14 14 14 10 10 10 10 10 10 49 48 48 48 48 48 48 48 50 10 10 10 10 10 10 10 14 14 14 14 14 14 14 14 14 14 14 14 14 14 14 14 14 14 14 14 14 14 14 14 14 14 14 14 14 14
14 14 14 14 14 14 14 14 14 10 10 10 10 10 10 10 10 10 35 10 10 10 10 10 10 35 10 10 10 14 14 14 14 14 14 14 14 14 14 14 14 14 14 14 14 14 14 14 14 14 14 14 14 14 14 14 14 14 14 14
14 14 14 14 14 14 14 14 14 10 10 10 35 10 10 10 10 10 10 10 10 10 10 10 10 10 10 10 10 14 14 14 14 14 14 14 14 14 14 14 14 14 14 14 14 14 14 14 14 14 14 14 14 14 14 14 14 14 14 14
14 14 14 14 14 14 14 14 14 10 10 10 10 10 10 10 10 10 10 10 10 10 10 10 10 10 10 10 14 14 14 14 14 14 14 14 14 14 14 14 14 14 14 14 14 14 14 14 14 14 14 14 14 14 14 14 14 14 14 14
14 14 14 14 14 14 14 14 14 10 10 10 10 10 10 10 10 10 10 10 10 10 10 10 10 10 10 10 14 14 14 14 14 14 14 14 14 14 14 14 14 14 14 14 14 14 14 14 14 14 14 14 14 14 14 14 14 14 14 14
14 14 14 14 14 14 14 14 14 10 10 10 10 35 10 10 10 10 14 14 14 14 14 14 14 10 10 10 14 14 14 14 14 14 14 14 14 14 14 14 14 14 14 14 14 14 14 14 14 14 14 14 14 14 14 14 14 14 14 14
14 14 14 14 14 14 14 14 14 14 14 10 10 10 10 10 10 14 14 14 14 14 14 14 14 14 14 14 14 14 14 14 14 14 14 14 14 14 14 14 14 14 14 14 14 14 14 14 14 14 14 14 14 14 14 14 14 14 14 14
14 14 14 14 14 14 14 14 14 14 14 14 10 10 10 10 14 14 14 14 14 14 14 14 14 14 14 14 14 14 14 14 14 14 14 14 14 14 14 14 14 14 14 14 14 14 14 14 14 14 14 14 14 14 14 14 14 14 14 14
14 14 14 14 14 14 14 14 14 14 14 14 14 14 14 14 14 14 14 14 14 14 14 14 14 14 14 14 14 14 14 14 14 14 14 14 14 14 14 14 14 14 14 14 14 14 14 14 14 14 14 14 14 14 14 14 14 14 14 14
14 14 14 14 14 14 14 14 14 14 14 14 14 14 14 14 14 14 14 14 14 14 14 14 14 14 14 14 14 14 14 14 14 14 14 14 14 14 14 14 14 14 14 14 14 14 14 14 14 14 14 14 14 14 14 14 14 14 14 14
14 14 14 14 14 14 14 14 14 14 14 14 14 14 14 14 14 14 14 14 14 14 14 14 14 14 14 14 14 14 14 14 14 14 14 14 14 14 14 14 14 14 14 14 14 14 14 14 14 14 14 14 14 14 14 14 14 14 14 14
14 14 14 14 14 14 14 14 14 14 14 14 14 14 14 14 14 14 14 14 14 14 14 14 14 14 14 14 14 14 14 14 14 14 14 14 14 14 14 14 14 14 14 14 14 14 14 14 14 14 14 14 14 14 14 14 14 14 14 14
14 14 14 14 14 14 14 14 14 14 14 14 14 14 14 14 14 14 14 14 14 14 14 14 14 14 14 14 14 14 14 14 14 14 14 14 14 14 14 14 14 14 14 14 14 14 14 14 14 14 14 14 14 14 14 14 14 14 14 14
14 14 14 14 14 14 14 14 14 14 14 14 14 14 14 14 14 14 14 14 14 14 14 14 14 14 14 14 14 14 14 14 14 14 14 14 14 14 14 14 14 14 14 14 14 14 14 14 14 14 14 14 14 14 14 14 14 14 14 14


